# [0]VOLTS  [1]isub_xnmos_d  [2]isub_xpmos_d 
 0.000000e+00  1.666818e-21  -2.815262e-06 
 1.000000e-02  4.395626e-21  -2.737635e-06 
 2.000000e-02  7.124433e-21  -2.660003e-06 
 3.000000e-02  9.853239e-21  -2.582367e-06 
 4.000000e-02  1.258204e-20  -2.504728e-06 
 5.000000e-02  1.531085e-20  -2.427085e-06 
 6.000000e-02  1.803965e-20  -2.349437e-06 
 7.000000e-02  2.076846e-20  -2.271786e-06 
 8.000000e-02  2.349726e-20  -2.194131e-06 
 9.000000e-02  2.622606e-20  -2.116472e-06 
 1.000000e-01  2.895486e-20  -2.038694e-06 
 1.100000e-01  7.047348e-20  -1.932772e-06 
 1.200000e-01  1.119919e-19  -1.826846e-06 
 1.300000e-01  1.535101e-19  -1.720913e-06 
 1.400000e-01  1.950282e-19  -1.614976e-06 
 1.500000e-01  2.365460e-19  -1.509034e-06 
 1.600000e-01  2.780636e-19  -1.403087e-06 
 1.700000e-01  3.195811e-19  -1.297134e-06 
 1.800000e-01  3.610983e-19  -1.191177e-06 
 1.900000e-01  4.026154e-19  -1.085214e-06 
 2.000000e-01  4.441322e-19  -9.793005e-07 
 2.100000e-01  7.083266e-19  -9.009154e-07 
 2.200000e-01  9.725118e-19  -8.225284e-07 
 2.300000e-01  1.236688e-18  -7.441394e-07 
 2.400000e-01  1.500855e-18  -6.657485e-07 
 2.500000e-01  1.765012e-18  -5.873555e-07 
 2.600000e-01  2.029161e-18  -5.089606e-07 
 2.700000e-01  2.293300e-18  -4.305636e-07 
 2.800000e-01  2.557430e-18  -3.521647e-07 
 2.900000e-01  2.821551e-18  -2.737638e-07 
 3.000000e-01  3.085663e-18  -1.953846e-07 
 3.100000e-01  3.294026e-18  -1.774578e-07 
 3.200000e-01  3.502381e-18  -1.595310e-07 
 3.300000e-01  3.710729e-18  -1.416041e-07 
 3.400000e-01  3.919070e-18  -1.236771e-07 
 3.500000e-01  4.127403e-18  -1.057500e-07 
 3.600000e-01  4.335729e-18  -8.782277e-08 
 3.700000e-01  4.544048e-18  -6.989545e-08 
 3.800000e-01  4.752359e-18  -5.196803e-08 
 3.900000e-01  4.960663e-18  -3.404051e-08 
 4.000000e-01  5.168960e-18  -1.611343e-08 
 4.100000e-01  5.210356e-18  -1.459724e-08 
 4.200000e-01  5.251751e-18  -1.308105e-08 
 4.300000e-01  5.293147e-18  -1.156485e-08 
 4.400000e-01  5.334541e-18  -1.004866e-08 
 4.500000e-01  5.375936e-18  -8.532468e-09 
 4.600000e-01  5.417330e-18  -7.016275e-09 
 4.700000e-01  5.458724e-18  -5.500080e-09 
 4.800000e-01  5.500117e-18  -3.983885e-09 
 4.900000e-01  5.541510e-18  -2.467690e-09 
 5.000000e-01  5.582953e-18  -9.514961e-10 
 5.100000e-01  5.593912e-18  -8.616077e-10 
 5.200000e-01  5.604944e-18  -7.717192e-10 
 5.300000e-01  5.615993e-18  -6.818308e-10 
 5.400000e-01  5.627041e-18  -5.919423e-10 
 5.500000e-01  5.638090e-18  -5.020539e-10 
 5.600000e-01  5.649138e-18  -4.121654e-10 
 5.700000e-01  5.660186e-18  -3.222770e-10 
 5.800000e-01  5.671235e-18  -2.323886e-10 
 5.900000e-01  5.682278e-18  -1.425001e-10 
 6.000000e-01  5.693332e-18  -5.261165e-11 
 6.100000e-01  5.712497e-18  -4.764082e-11 
 6.200000e-01  5.731671e-18  -4.266998e-11 
 6.300000e-01  5.750840e-18  -3.769915e-11 
 6.400000e-01  5.769904e-18  -3.272831e-11 
 6.500000e-01  5.789073e-18  -2.775748e-11 
 6.600000e-01  5.808243e-18  -2.278664e-11 
 6.700000e-01  5.827412e-18  -1.781581e-11 
 6.800000e-01  5.846581e-18  -1.284497e-11 
 6.900000e-01  5.865698e-18  -7.874135e-12 
 7.000000e-01  5.884867e-18  -2.903299e-12 
 
 0.000000e+00  9.673231e-11  -2.230403e-06 
 1.000000e-02  2.607762e-10  -2.187313e-06 
 2.000000e-02  4.248200e-10  -2.144221e-06 
 3.000000e-02  5.888638e-10  -2.101128e-06 
 4.000000e-02  7.529077e-10  -2.058033e-06 
 5.000000e-02  9.169516e-10  -2.014937e-06 
 6.000000e-02  1.080995e-09  -1.971839e-06 
 7.000000e-02  1.245039e-09  -1.928739e-06 
 8.000000e-02  1.409083e-09  -1.885638e-06 
 9.000000e-02  1.573127e-09  -1.842535e-06 
 1.000000e-01  1.737171e-09  -1.799283e-06 
 1.100000e-01  4.411700e-09  -1.715213e-06 
 1.200000e-01  7.086234e-09  -1.631139e-06 
 1.300000e-01  9.760765e-09  -1.547061e-06 
 1.400000e-01  1.243529e-08  -1.462978e-06 
 1.500000e-01  1.510981e-08  -1.378891e-06 
 1.600000e-01  1.778433e-08  -1.294800e-06 
 1.700000e-01  2.045885e-08  -1.210705e-06 
 1.800000e-01  2.313336e-08  -1.126605e-06 
 1.900000e-01  2.580787e-08  -1.042501e-06 
 2.000000e-01  2.848237e-08  -9.584079e-07 
 2.100000e-01  5.184929e-08  -8.819126e-07 
 2.200000e-01  7.521703e-08  -8.054153e-07 
 2.300000e-01  9.858440e-08  -7.289160e-07 
 2.400000e-01  1.219514e-07  -6.524146e-07 
 2.500000e-01  1.453180e-07  -5.759112e-07 
 2.600000e-01  1.686843e-07  -4.994058e-07 
 2.700000e-01  1.920502e-07  -4.228983e-07 
 2.800000e-01  2.154158e-07  -3.463888e-07 
 2.900000e-01  2.387809e-07  -2.698772e-07 
 3.000000e-01  2.621457e-07  -1.933864e-07 
 3.100000e-01  2.966893e-07  -1.756418e-07 
 3.200000e-01  3.312377e-07  -1.578971e-07 
 3.300000e-01  3.657848e-07  -1.401524e-07 
 3.400000e-01  4.003308e-07  -1.224075e-07 
 3.500000e-01  4.348756e-07  -1.046625e-07 
 3.600000e-01  4.694193e-07  -8.691746e-08 
 3.700000e-01  5.039618e-07  -6.917229e-08 
 3.800000e-01  5.385031e-07  -5.142703e-08 
 3.900000e-01  5.730433e-07  -3.368166e-08 
 4.000000e-01  6.075823e-07  -1.593671e-08 
 4.100000e-01  6.166818e-07  -1.443708e-08 
 4.200000e-01  6.257502e-07  -1.293745e-08 
 4.300000e-01  6.348185e-07  -1.143782e-08 
 4.400000e-01  6.438868e-07  -9.938191e-09 
 4.500000e-01  6.529550e-07  -8.438558e-09 
 4.600000e-01  6.620231e-07  -6.938925e-09 
 4.700000e-01  6.710911e-07  -5.439291e-09 
 4.800000e-01  6.801590e-07  -3.939657e-09 
 4.900000e-01  6.892267e-07  -2.440022e-09 
 5.000000e-01  6.982945e-07  -9.403894e-10 
 5.100000e-01  6.997109e-07  -8.515593e-10 
 5.200000e-01  7.011166e-07  -7.627290e-10 
 5.300000e-01  7.025224e-07  -6.738989e-10 
 5.400000e-01  7.039281e-07  -5.850687e-10 
 5.500000e-01  7.053338e-07  -4.962385e-10 
 5.600000e-01  7.067395e-07  -4.074083e-10 
 5.700000e-01  7.081453e-07  -3.185781e-10 
 5.800000e-01  7.095510e-07  -2.297479e-10 
 5.900000e-01  7.109567e-07  -1.409177e-10 
 6.000000e-01  7.123624e-07  -5.208745e-11 
 6.100000e-01  7.147719e-07  -4.716326e-11 
 6.200000e-01  7.171828e-07  -4.223907e-11 
 6.300000e-01  7.195938e-07  -3.731488e-11 
 6.400000e-01  7.220047e-07  -3.239070e-11 
 6.500000e-01  7.244157e-07  -2.746651e-11 
 6.600000e-01  7.268266e-07  -2.254232e-11 
 6.700000e-01  7.292375e-07  -1.761813e-11 
 6.800000e-01  7.316484e-07  -1.269394e-11 
 6.900000e-01  7.340593e-07  -7.769754e-12 
 7.000000e-01  7.364702e-07  -2.845565e-12 
 
 0.000000e+00  1.016238e-10  -1.654569e-06 
 1.000000e-02  2.767154e-10  -1.636865e-06 
 2.000000e-02  4.518070e-10  -1.619160e-06 
 3.000000e-02  6.268986e-10  -1.601455e-06 
 4.000000e-02  8.019903e-10  -1.583750e-06 
 5.000000e-02  9.770820e-10  -1.566044e-06 
 6.000000e-02  1.152174e-09  -1.548338e-06 
 7.000000e-02  1.327265e-09  -1.530632e-06 
 8.000000e-02  1.502357e-09  -1.512926e-06 
 9.000000e-02  1.677449e-09  -1.495219e-06 
 1.000000e-01  1.852540e-09  -1.477400e-06 
 1.100000e-01  4.759813e-09  -1.421555e-06 
 1.200000e-01  7.667094e-09  -1.365708e-06 
 1.300000e-01  1.057437e-08  -1.309859e-06 
 1.400000e-01  1.348165e-08  -1.254009e-06 
 1.500000e-01  1.638892e-08  -1.198156e-06 
 1.600000e-01  1.929619e-08  -1.142303e-06 
 1.700000e-01  2.220345e-08  -1.086447e-06 
 1.800000e-01  2.511071e-08  -1.030589e-06 
 1.900000e-01  2.801797e-08  -9.747303e-07 
 2.000000e-01  3.092523e-08  -9.188384e-07 
 2.100000e-01  5.774426e-08  -8.461558e-07 
 2.200000e-01  8.456446e-08  -7.734715e-07 
 2.300000e-01  1.113844e-07  -7.007852e-07 
 2.400000e-01  1.382040e-07  -6.280972e-07 
 2.500000e-01  1.650233e-07  -5.554072e-07 
 2.600000e-01  1.918423e-07  -4.827154e-07 
 2.700000e-01  2.186610e-07  -4.100218e-07 
 2.800000e-01  2.454794e-07  -3.373263e-07 
 2.900000e-01  2.722975e-07  -2.646289e-07 
 3.000000e-01  2.991154e-07  -1.919508e-07 
 3.100000e-01  3.540121e-07  -1.743402e-07 
 3.200000e-01  4.089237e-07  -1.567294e-07 
 3.300000e-01  4.638333e-07  -1.391185e-07 
 3.400000e-01  5.187409e-07  -1.215076e-07 
 3.500000e-01  5.736465e-07  -1.038965e-07 
 3.600000e-01  6.285502e-07  -8.628533e-08 
 3.700000e-01  6.834519e-07  -6.867408e-08 
 3.800000e-01  7.383517e-07  -5.106272e-08 
 3.900000e-01  7.932494e-07  -3.345127e-08 
 4.000000e-01  8.481452e-07  -1.584023e-08 
 4.100000e-01  8.678829e-07  -1.434960e-08 
 4.200000e-01  8.875606e-07  -1.285897e-08 
 4.300000e-01  9.072379e-07  -1.136833e-08 
 4.400000e-01  9.269148e-07  -9.877694e-09 
 4.500000e-01  9.465915e-07  -8.387057e-09 
 4.600000e-01  9.662677e-07  -6.896420e-09 
 4.700000e-01  9.859436e-07  -5.405782e-09 
 4.800000e-01  1.005619e-06  -3.915144e-09 
 4.900000e-01  1.025294e-06  -2.424505e-09 
 5.000000e-01  1.044969e-06  -9.338676e-10 
 5.100000e-01  1.048512e-06  -8.456500e-10 
 5.200000e-01  1.052022e-06  -7.574323e-10 
 5.300000e-01  1.055531e-06  -6.692146e-10 
 5.400000e-01  1.059040e-06  -5.809969e-10 
 5.500000e-01  1.062550e-06  -4.927792e-10 
 5.600000e-01  1.066059e-06  -4.045614e-10 
 5.700000e-01  1.069568e-06  -3.163437e-10 
 5.800000e-01  1.073077e-06  -2.281260e-10 
 5.900000e-01  1.076587e-06  -1.399083e-10 
 6.000000e-01  1.080096e-06  -5.169058e-11 
 6.100000e-01  1.083703e-06  -4.680421e-11 
 6.200000e-01  1.087310e-06  -4.191783e-11 
 6.300000e-01  1.090917e-06  -3.703146e-11 
 6.400000e-01  1.094524e-06  -3.214509e-11 
 6.500000e-01  1.098131e-06  -2.725871e-11 
 6.600000e-01  1.101738e-06  -2.237234e-11 
 6.700000e-01  1.105344e-06  -1.748597e-11 
 6.800000e-01  1.108951e-06  -1.259959e-11 
 6.900000e-01  1.112558e-06  -7.713217e-12 
 7.000000e-01  1.116165e-06  -2.826844e-12 
 
 0.000000e+00  1.034656e-10  -1.455392e-06 
 1.000000e-02  2.818200e-10  -1.443703e-06 
 2.000000e-02  4.601743e-10  -1.432015e-06 
 3.000000e-02  6.385287e-10  -1.420326e-06 
 4.000000e-02  8.168830e-10  -1.408637e-06 
 5.000000e-02  9.952373e-10  -1.396948e-06 
 6.000000e-02  1.173592e-09  -1.385259e-06 
 7.000000e-02  1.351946e-09  -1.373570e-06 
 8.000000e-02  1.530300e-09  -1.361881e-06 
 9.000000e-02  1.708655e-09  -1.350192e-06 
 1.000000e-01  1.887009e-09  -1.338414e-06 
 1.100000e-01  4.876357e-09  -1.293335e-06 
 1.200000e-01  7.865713e-09  -1.248256e-06 
 1.300000e-01  1.085507e-08  -1.203175e-06 
 1.400000e-01  1.384442e-08  -1.158094e-06 
 1.500000e-01  1.683376e-08  -1.113011e-06 
 1.600000e-01  1.982311e-08  -1.067926e-06 
 1.700000e-01  2.281245e-08  -1.022841e-06 
 1.800000e-01  2.580179e-08  -9.777543e-07 
 1.900000e-01  2.879113e-08  -9.326665e-07 
 2.000000e-01  3.178046e-08  -8.875338e-07 
 2.100000e-01  6.014366e-08  -8.178171e-07 
 2.200000e-01  8.850818e-08  -7.480984e-07 
 2.300000e-01  1.168724e-07  -6.783776e-07 
 2.400000e-01  1.452363e-07  -6.086548e-07 
 2.500000e-01  1.736000e-07  -5.389298e-07 
 2.600000e-01  2.019633e-07  -4.692029e-07 
 2.700000e-01  2.303264e-07  -3.994738e-07 
 2.800000e-01  2.586891e-07  -3.297427e-07 
 2.900000e-01  2.870516e-07  -2.600095e-07 
 3.000000e-01  3.154138e-07  -1.902942e-07 
 3.100000e-01  3.860174e-07  -1.728386e-07 
 3.200000e-01  4.566451e-07  -1.553829e-07 
 3.300000e-01  5.272702e-07  -1.379271e-07 
 3.400000e-01  5.978927e-07  -1.204713e-07 
 3.500000e-01  6.685126e-07  -1.030153e-07 
 3.600000e-01  7.391299e-07  -8.555919e-08 
 3.700000e-01  8.097447e-07  -6.810301e-08 
 3.800000e-01  8.803568e-07  -5.064672e-08 
 3.900000e-01  9.509664e-07  -3.319033e-08 
 4.000000e-01  1.021573e-06  -1.573435e-08 
 4.100000e-01  1.058606e-06  -1.425372e-08 
 4.200000e-01  1.095569e-06  -1.277309e-08 
 4.300000e-01  1.132531e-06  -1.129246e-08 
 4.400000e-01  1.169491e-06  -9.811836e-09 
 4.500000e-01  1.206451e-06  -8.331207e-09 
 4.600000e-01  1.243409e-06  -6.850577e-09 
 4.700000e-01  1.280366e-06  -5.369946e-09 
 4.800000e-01  1.317323e-06  -3.889315e-09 
 4.900000e-01  1.354278e-06  -2.408683e-09 
 5.000000e-01  1.391232e-06  -9.280536e-10 
 5.100000e-01  1.398781e-06  -8.403875e-10 
 5.200000e-01  1.406249e-06  -7.527215e-10 
 5.300000e-01  1.413716e-06  -6.650555e-10 
 5.400000e-01  1.421183e-06  -5.773894e-10 
 5.500000e-01  1.428650e-06  -4.897233e-10 
 5.600000e-01  1.436118e-06  -4.020573e-10 
 5.700000e-01  1.443585e-06  -3.143912e-10 
 5.800000e-01  1.451052e-06  -2.267251e-10 
 5.900000e-01  1.458519e-06  -1.390591e-10 
 6.000000e-01  1.465986e-06  -5.139302e-11 
 6.100000e-01  1.471144e-06  -4.653491e-11 
 6.200000e-01  1.476295e-06  -4.167680e-11 
 6.300000e-01  1.481446e-06  -3.681869e-11 
 6.400000e-01  1.486598e-06  -3.196058e-11 
 6.500000e-01  1.491749e-06  -2.710246e-11 
 6.600000e-01  1.496900e-06  -2.224436e-11 
 6.700000e-01  1.502051e-06  -1.738625e-11 
 6.800000e-01  1.507202e-06  -1.252813e-11 
 6.900000e-01  1.512353e-06  -7.670023e-12 
 7.000000e-01  1.517504e-06  -2.811912e-12 
 
 0.000000e+00  1.051760e-10  -1.212584e-06 
 1.000000e-02  2.864533e-10  -1.205199e-06 
 2.000000e-02  4.677305e-10  -1.197814e-06 
 3.000000e-02  6.490078e-10  -1.190429e-06 
 4.000000e-02  8.302851e-10  -1.183045e-06 
 5.000000e-02  1.011562e-09  -1.175660e-06 
 6.000000e-02  1.192840e-09  -1.168275e-06 
 7.000000e-02  1.374117e-09  -1.160890e-06 
 8.000000e-02  1.555394e-09  -1.153505e-06 
 9.000000e-02  1.736672e-09  -1.146120e-06 
 1.000000e-01  1.917949e-09  -1.138678e-06 
 1.100000e-01  4.957814e-09  -1.106485e-06 
 1.200000e-01  7.997688e-09  -1.074292e-06 
 1.300000e-01  1.103756e-08  -1.042097e-06 
 1.400000e-01  1.407743e-08  -1.009902e-06 
 1.500000e-01  1.711729e-08  -9.777063e-07 
 1.600000e-01  2.015715e-08  -9.455100e-07 
 1.700000e-01  2.319701e-08  -9.133128e-07 
 1.800000e-01  2.623687e-08  -8.811149e-07 
 1.900000e-01  2.927672e-08  -8.489164e-07 
 2.000000e-01  3.231657e-08  -8.166669e-07 
 2.100000e-01  6.159316e-08  -7.537282e-07 
 2.200000e-01  9.087115e-08  -6.907876e-07 
 2.300000e-01  1.201489e-07  -6.278451e-07 
 2.400000e-01  1.494263e-07  -5.649006e-07 
 2.500000e-01  1.787035e-07  -5.019543e-07 
 2.600000e-01  2.079803e-07  -4.390060e-07 
 2.700000e-01  2.372569e-07  -3.760557e-07 
 2.800000e-01  2.665332e-07  -3.131036e-07 
 2.900000e-01  2.958093e-07  -2.501495e-07 
 3.000000e-01  3.250850e-07  -1.872107e-07 
 3.100000e-01  4.055102e-07  -1.700447e-07 
 3.200000e-01  4.859660e-07  -1.528786e-07 
 3.300000e-01  5.664190e-07  -1.357125e-07 
 3.400000e-01  6.468694e-07  -1.185462e-07 
 3.500000e-01  7.273169e-07  -1.013798e-07 
 3.600000e-01  8.077618e-07  -8.421331e-08 
 3.700000e-01  8.882040e-07  -6.704672e-08 
 3.800000e-01  9.686435e-07  -4.988003e-08 
 3.900000e-01  1.049080e-06  -3.271324e-08 
 4.000000e-01  1.129514e-06  -1.554684e-08 
 4.100000e-01  1.189341e-06  -1.408385e-08 
 4.200000e-01  1.249118e-06  -1.262086e-08 
 4.300000e-01  1.308893e-06  -1.115787e-08 
 4.400000e-01  1.368665e-06  -9.694880e-09 
 4.500000e-01  1.428436e-06  -8.231890e-09 
 4.600000e-01  1.488203e-06  -6.768898e-09 
 4.700000e-01  1.547968e-06  -5.305907e-09 
 4.800000e-01  1.607731e-06  -3.842914e-09 
 4.900000e-01  1.667491e-06  -2.379921e-09 
 5.000000e-01  1.727248e-06  -9.169299e-10 
 5.100000e-01  1.741723e-06  -8.303144e-10 
 5.200000e-01  1.756041e-06  -7.436989e-10 
 5.300000e-01  1.770359e-06  -6.570834e-10 
 5.400000e-01  1.784677e-06  -5.704679e-10 
 5.500000e-01  1.798995e-06  -4.838523e-10 
 5.600000e-01  1.813312e-06  -3.972369e-10 
 5.700000e-01  1.827629e-06  -3.106213e-10 
 5.800000e-01  1.841946e-06  -2.240058e-10 
 5.900000e-01  1.856263e-06  -1.373903e-10 
 6.000000e-01  1.870580e-06  -5.077477e-11 
 6.100000e-01  1.878116e-06  -4.597512e-11 
 6.200000e-01  1.885627e-06  -4.117547e-11 
 6.300000e-01  1.893137e-06  -3.637581e-11 
 6.400000e-01  1.900648e-06  -3.157616e-11 
 6.500000e-01  1.908158e-06  -2.677650e-11 
 6.600000e-01  1.915669e-06  -2.197685e-11 
 6.700000e-01  1.923179e-06  -1.717719e-11 
 6.800000e-01  1.930689e-06  -1.237754e-11 
 6.900000e-01  1.938200e-06  -7.577885e-12 
 7.000000e-01  1.945710e-06  -2.778230e-12 
 
 0.000000e+00  1.067880e-10  -9.729491e-07 
 1.000000e-02  2.908535e-10  -9.674214e-07 
 2.000000e-02  4.749191e-10  -9.618938e-07 
 3.000000e-02  6.589847e-10  -9.563661e-07 
 4.000000e-02  8.430502e-10  -9.508383e-07 
 5.000000e-02  1.027116e-09  -9.453106e-07 
 6.000000e-02  1.211181e-09  -9.397829e-07 
 7.000000e-02  1.395247e-09  -9.342551e-07 
 8.000000e-02  1.579313e-09  -9.287273e-07 
 9.000000e-02  1.763378e-09  -9.231996e-07 
 1.000000e-01  1.947444e-09  -9.176441e-07 
 1.100000e-01  5.033184e-09  -8.969862e-07 
 1.200000e-01  8.118932e-09  -8.763280e-07 
 1.300000e-01  1.120468e-08  -8.556696e-07 
 1.400000e-01  1.429042e-08  -8.350108e-07 
 1.500000e-01  1.737616e-08  -8.143517e-07 
 1.600000e-01  2.046190e-08  -7.936923e-07 
 1.700000e-01  2.354763e-08  -7.730327e-07 
 1.800000e-01  2.663336e-08  -7.523727e-07 
 1.900000e-01  2.971909e-08  -7.317124e-07 
 2.000000e-01  3.280481e-08  -7.110061e-07 
 2.100000e-01  6.260265e-08  -6.581494e-07 
 2.200000e-01  9.240196e-08  -6.052911e-07 
 2.300000e-01  1.222010e-07  -5.524311e-07 
 2.400000e-01  1.519998e-07  -4.995696e-07 
 2.500000e-01  1.817982e-07  -4.467066e-07 
 2.600000e-01  2.115964e-07  -3.938419e-07 
 2.700000e-01  2.413944e-07  -3.409756e-07 
 2.800000e-01  2.711920e-07  -2.881077e-07 
 2.900000e-01  3.009894e-07  -2.352382e-07 
 3.000000e-01  3.307865e-07  -1.823804e-07 
 3.100000e-01  4.161679e-07  -1.656734e-07 
 3.200000e-01  5.015835e-07  -1.489663e-07 
 3.300000e-01  5.869966e-07  -1.322591e-07 
 3.400000e-01  6.724072e-07  -1.155518e-07 
 3.500000e-01  7.578151e-07  -9.884437e-08 
 3.600000e-01  8.432206e-07  -8.213686e-08 
 3.700000e-01  9.286235e-07  -6.542924e-08 
 3.800000e-01  1.014024e-06  -4.872152e-08 
 3.900000e-01  1.099422e-06  -3.201369e-08 
 4.000000e-01  1.184817e-06  -1.530623e-08 
 4.100000e-01  1.267204e-06  -1.386591e-08 
 4.200000e-01  1.349580e-06  -1.242559e-08 
 4.300000e-01  1.431953e-06  -1.098527e-08 
 4.400000e-01  1.514321e-06  -9.544955e-09 
 4.500000e-01  1.596685e-06  -8.104635e-09 
 4.600000e-01  1.679046e-06  -6.664314e-09 
 4.700000e-01  1.761403e-06  -5.223992e-09 
 4.800000e-01  1.843755e-06  -3.783670e-09 
 4.900000e-01  1.926104e-06  -2.343347e-09 
 5.000000e-01  2.008449e-06  -9.030260e-10 
 5.100000e-01  2.032550e-06  -8.177236e-10 
 5.200000e-01  2.056416e-06  -7.324212e-10 
 5.300000e-01  2.080282e-06  -6.471187e-10 
 5.400000e-01  2.104147e-06  -5.618163e-10 
 5.500000e-01  2.128012e-06  -4.765139e-10 
 5.600000e-01  2.151876e-06  -3.912114e-10 
 5.700000e-01  2.175741e-06  -3.059090e-10 
 5.800000e-01  2.199604e-06  -2.206065e-10 
 5.900000e-01  2.223467e-06  -1.353041e-10 
 6.000000e-01  2.247330e-06  -5.000165e-11 
 6.100000e-01  2.258559e-06  -4.527506e-11 
 6.200000e-01  2.269730e-06  -4.054847e-11 
 6.300000e-01  2.280901e-06  -3.582188e-11 
 6.400000e-01  2.292072e-06  -3.109530e-11 
 6.500000e-01  2.303243e-06  -2.636871e-11 
 6.600000e-01  2.314414e-06  -2.164212e-11 
 6.700000e-01  2.325585e-06  -1.691553e-11 
 6.800000e-01  2.336756e-06  -1.218894e-11 
 6.900000e-01  2.347927e-06  -7.462359e-12 
 7.000000e-01  2.359097e-06  -2.735773e-12 
 
 0.000000e+00  1.079007e-10  -7.094550e-07 
 1.000000e-02  2.945592e-10  -7.052271e-07 
 2.000000e-02  4.812177e-10  -7.009992e-07 
 3.000000e-02  6.678762e-10  -6.967712e-07 
 4.000000e-02  8.545347e-10  -6.925433e-07 
 5.000000e-02  1.041193e-09  -6.883153e-07 
 6.000000e-02  1.227852e-09  -6.840873e-07 
 7.000000e-02  1.414510e-09  -6.798593e-07 
 8.000000e-02  1.601169e-09  -6.756313e-07 
 9.000000e-02  1.787827e-09  -6.714033e-07 
 1.000000e-01  1.974486e-09  -6.671643e-07 
 1.100000e-01  5.101796e-09  -6.547196e-07 
 1.200000e-01  8.229114e-09  -6.422748e-07 
 1.300000e-01  1.135643e-08  -6.298297e-07 
 1.400000e-01  1.448374e-08  -6.173846e-07 
 1.500000e-01  1.761105e-08  -6.049394e-07 
 1.600000e-01  2.073836e-08  -5.924940e-07 
 1.700000e-01  2.386566e-08  -5.800484e-07 
 1.800000e-01  2.699296e-08  -5.676027e-07 
 1.900000e-01  3.012026e-08  -5.551569e-07 
 2.000000e-01  3.324756e-08  -5.426837e-07 
 2.100000e-01  6.341560e-08  -5.051016e-07 
 2.200000e-01  9.358516e-08  -4.675182e-07 
 2.300000e-01  1.237544e-07  -4.299336e-07 
 2.400000e-01  1.539234e-07  -3.923477e-07 
 2.500000e-01  1.840922e-07  -3.547606e-07 
 2.600000e-01  2.142606e-07  -3.171722e-07 
 2.700000e-01  2.444288e-07  -2.795826e-07 
 2.800000e-01  2.745967e-07  -2.419917e-07 
 2.900000e-01  3.047643e-07  -2.043995e-07 
 3.000000e-01  3.349316e-07  -1.668135e-07 
 3.100000e-01  4.224698e-07  -1.515836e-07 
 3.200000e-01  5.100439e-07  -1.363535e-07 
 3.300000e-01  5.976156e-07  -1.211232e-07 
 3.400000e-01  6.851848e-07  -1.058929e-07 
 3.500000e-01  7.727514e-07  -9.066233e-08 
 3.600000e-01  8.603156e-07  -7.543166e-08 
 3.700000e-01  9.478773e-07  -6.020085e-08 
 3.800000e-01  1.035436e-06  -4.496990e-08 
 3.900000e-01  1.122993e-06  -2.973881e-08 
 4.000000e-01  1.210547e-06  -1.450798e-08 
 4.100000e-01  1.307852e-06  -1.314341e-08 
 4.200000e-01  1.405176e-06  -1.177883e-08 
 4.300000e-01  1.502496e-06  -1.041426e-08 
 4.400000e-01  1.599811e-06  -9.049686e-09 
 4.500000e-01  1.697122e-06  -7.685111e-09 
 4.600000e-01  1.794429e-06  -6.320535e-09 
 4.700000e-01  1.891732e-06  -4.955958e-09 
 4.800000e-01  1.989030e-06  -3.591380e-09 
 4.900000e-01  2.086324e-06  -2.226802e-09 
 5.000000e-01  2.183614e-06  -8.622243e-10 
 5.100000e-01  2.219266e-06  -7.807924e-10 
 5.200000e-01  2.254648e-06  -6.993605e-10 
 5.300000e-01  2.290029e-06  -6.179286e-10 
 5.400000e-01  2.325409e-06  -5.364967e-10 
 5.500000e-01  2.360788e-06  -4.550648e-10 
 5.600000e-01  2.396167e-06  -3.736329e-10 
 5.700000e-01  2.431545e-06  -2.922010e-10 
 5.800000e-01  2.466922e-06  -2.107691e-10 
 5.900000e-01  2.502298e-06  -1.293372e-10 
 6.000000e-01  2.537673e-06  -4.790533e-11 
 6.100000e-01  2.553082e-06  -4.337740e-11 
 6.200000e-01  2.568389e-06  -3.884947e-11 
 6.300000e-01  2.583696e-06  -3.432154e-11 
 6.400000e-01  2.599003e-06  -2.979361e-11 
 6.500000e-01  2.614309e-06  -2.526568e-11 
 6.600000e-01  2.629615e-06  -2.073775e-11 
 6.700000e-01  2.644922e-06  -1.620982e-11 
 6.800000e-01  2.660228e-06  -1.168189e-11 
 6.900000e-01  2.675534e-06  -7.153966e-12 
 7.000000e-01  2.690840e-06  -2.626038e-12 
 
 0.000000e+00  1.035785e-10  -6.656897e-14 
 1.000000e-02  2.924209e-10  -6.608603e-14 
 2.000000e-02  4.812635e-10  -6.560308e-14 
 3.000000e-02  6.701060e-10  -6.512568e-14 
 4.000000e-02  8.589485e-10  -6.464274e-14 
 5.000000e-02  1.047791e-09  -6.415979e-14 
 6.000000e-02  1.236634e-09  -6.367684e-14 
 7.000000e-02  1.425476e-09  -6.319390e-14 
 8.000000e-02  1.614319e-09  -6.271650e-14 
 9.000000e-02  1.803161e-09  -6.223355e-14 
 1.000000e-01  1.992004e-09  -6.175061e-14 
 1.100000e-01  5.155163e-09  -6.080692e-14 
 1.200000e-01  8.318332e-09  -5.986323e-14 
 1.300000e-01  1.148150e-08  -5.891399e-14 
 1.400000e-01  1.464466e-08  -5.797030e-14 
 1.500000e-01  1.780782e-08  -5.702661e-14 
 1.600000e-01  2.097097e-08  -5.607737e-14 
 1.700000e-01  2.413413e-08  -5.513368e-14 
 1.800000e-01  2.729728e-08  -5.418999e-14 
 1.900000e-01  3.046042e-08  -5.324074e-14 
 2.000000e-01  3.362357e-08  -5.229705e-14 
 2.100000e-01  6.405639e-08  -4.956591e-14 
 2.200000e-01  9.449077e-08  -4.684031e-14 
 2.300000e-01  1.249249e-07  -4.410916e-14 
 2.400000e-01  1.553587e-07  -4.137801e-14 
 2.500000e-01  1.857922e-07  -3.865241e-14 
 2.600000e-01  2.162255e-07  -3.592126e-14 
 2.700000e-01  2.466585e-07  -3.319012e-14 
 2.800000e-01  2.770912e-07  -3.045897e-14 
 2.900000e-01  3.075236e-07  -2.773337e-14 
 3.000000e-01  3.379558e-07  -2.500222e-14 
 3.100000e-01  4.264052e-07  -2.277622e-14 
 3.200000e-01  5.148916e-07  -2.055023e-14 
 3.300000e-01  6.033755e-07  -1.832423e-14 
 3.400000e-01  6.918571e-07  -1.609268e-14 
 3.500000e-01  7.803364e-07  -1.386669e-14 
 3.600000e-01  8.688133e-07  -1.164069e-14 
 3.700000e-01  9.572879e-07  -9.414692e-15 
 3.800000e-01  1.045760e-06  -7.188694e-15 
 3.900000e-01  1.134230e-06  -4.962697e-15 
 4.000000e-01  1.222697e-06  -2.731149e-15 
 4.100000e-01  1.324709e-06  -2.475797e-15 
 4.200000e-01  1.426749e-06  -2.220446e-15 
 4.300000e-01  1.528786e-06  -1.965095e-15 
 4.400000e-01  1.630819e-06  -1.709743e-15 
 4.500000e-01  1.732848e-06  -1.454392e-15 
 4.600000e-01  1.834873e-06  -1.199041e-15 
 4.700000e-01  1.936895e-06  -9.436896e-16 
 4.800000e-01  2.038912e-06  -6.883383e-16 
 4.900000e-01  2.140926e-06  -4.329870e-16 
 5.000000e-01  2.242936e-06  -1.776357e-16 
 5.100000e-01  2.284339e-06  -1.609823e-16 
 5.200000e-01  2.325467e-06  -1.443290e-16 
 5.300000e-01  2.366595e-06  -1.276756e-16 
 5.400000e-01  2.407723e-06  -1.110223e-16 
 5.500000e-01  2.448850e-06  -9.436896e-17 
 5.600000e-01  2.489976e-06  -7.771561e-17 
 5.700000e-01  2.531102e-06  -6.106227e-17 
 5.800000e-01  2.572227e-06  -4.440892e-17 
 5.900000e-01  2.613352e-06  -2.775558e-17 
 6.000000e-01  2.654476e-06  -1.110223e-17 
 6.100000e-01  2.672234e-06  -1.110223e-17 
 6.200000e-01  2.689867e-06  -5.551115e-18 
 6.300000e-01  2.707500e-06  -5.551115e-18 
 6.400000e-01  2.725132e-06  -5.551115e-18 
 6.500000e-01  2.742765e-06  -5.551115e-18 
 6.600000e-01  2.760398e-06  -5.551115e-18 
 6.700000e-01  2.778030e-06  -5.551115e-18 
 6.800000e-01  2.795663e-06  0.000000e+00 
 6.900000e-01  2.813295e-06  0.000000e+00 
 7.000000e-01  2.830927e-06  0.000000e+00 
